Modelid = 19078
Boneid = 1
OffX = 0.35799998
OffY = -0.07899997
OffZ = -0.18099997
RotX = 0.00000000
RotY = 0.00000000
RotZ = 0.00000000
ScaleX = 1.00000000
ScaleY = 1.00000000
ScaleZ = 1.00000000
