Modelid = 18638
Boneid = 2
OffX = 0.11900002
OffY = 0.02300000
OffZ = -0.00000002
RotX = 0.00000000
RotY = 0.00000000
RotZ = 0.00000000
ScaleX = 1.00000000
ScaleY = 1.00000000
ScaleZ = 1.00000000
