Modelid = 18636
Boneid = 2
OffX = 0.30200001
OffY = 0.00000000
OffZ = 0.02800000
RotX = 0.00000000
RotY = 94.90000152
RotZ = 95.50001525
ScaleX = 1.00000000
ScaleY = 1.00000000
ScaleZ = 1.00000000
